75.0
78.0
38.333333333333336
61.0
69.33333333333333
53.666666666666664
61.333333333333336
82.66666666666667
81.0
61.666666666666664
90.33333333333333
57.0
72.66666666666667
56.333333333333336
70.33333333333333
64.66666666666667
67.66666666666667
70.0
76.33333333333333
67.33333333333333
60.0
76.33333333333333
76.33333333333333
67.0
57.333333333333336
54.333333333333336
56.666666666666664
56.0
63.333333333333336
61.666666666666664
83.33333333333333
58.333333333333336
66.0
57.0
58.666666666666664
49.0
56.0
72.0
57.666666666666664
70.66666666666667
58.666666666666664
63.666666666666664
56.333333333333336
69.66666666666667
47.333333333333336
58.666666666666664
43.333333333333336
69.66666666666667
55.333333333333336
74.33333333333333
75.0
54.0
76.66666666666667
73.0
63.666666666666664
68.66666666666667
65.0
71.0
63.333333333333336
59.0
53.0
54.666666666666664
41.666666666666664
65.0
79.33333333333333
65.0
71.33333333333333
72.0
48.333333333333336
78.0
70.33333333333333
49.333333333333336
55.333333333333336
55.666666666666664
69.66666666666667
52.333333333333336
43.0
59.666666666666664
69.33333333333333
46.666666666666664
83.33333333333333
43.0
93.0
81.33333333333333
71.0
62.666666666666664
77.33333333333333
80.0
78.66666666666667
52.333333333333336
87.66666666666667
57.0
64.0
69.0
61.0
29.333333333333332
61.666666666666664
79.33333333333333
49.333333333333336
69.0
45.0
69.66666666666667
44.0
65.0
49.333333333333336
71.0
64.0
82.0
66.0
72.33333333333333
74.0
39.0
64.0
65.66666666666667
88.66666666666667
56.0
57.666666666666664
62.666666666666664
59.666666666666664
41.666666666666664
75.0
74.0
50.0
61.0
41.666666666666664
52.0
61.0
72.66666666666667
65.66666666666667
64.33333333333333
69.33333333333333
66.33333333333333
74.0
32.666666666666664
70.0
42.0
65.66666666666667
71.66666666666667
53.666666666666664
57.333333333333336
32.666666666666664
78.0
63.333333333333336
52.333333333333336
47.0
86.0
59.333333333333336
68.33333333333333
92.66666666666667
73.66666666666667
38.333333333333336
88.33333333333333
55.333333333333336
65.0
53.333333333333336
80.0
71.0
72.33333333333333
57.0
42.333333333333336
54.666666666666664
38.0
45.0
58.0
47.0
70.66666666666667
57.333333333333336
80.0
59.0
52.333333333333336
41.333333333333336
36.666666666666664
54.0
51.666666666666664
69.33333333333333
47.333333333333336
62.333333333333336
58.0
63.157303370786515 62.29213483146067 62.38202247191011